 ---------------------------------------------------------------
 Vortex Lattice Output -- Total Forces

 Configuration: Simple Wing                                                 
     # Surfaces =   2
     # Strips   =  24
     # Vortices = 192

  Sref =  10.000       Cref =  1.0000       Bref =  5.0000    
  Xref =  0.0000       Yref =  0.0000       Zref =  0.0000    

 Standard axis orientation,  X fwd, Z down         

 Run case: alpha 5 ail 0                           

  Alpha =   5.00000     pb/2V =   0.00000     p'b/2V =   0.00000
  Beta  =   0.00000     qc/2V =   0.00000
  Mach  =     0.000     rb/2V =   0.00000     r'b/2V =   0.00000

  CXtot =   0.03555     Cltot =   0.00000     Cl'tot =   0.00000
  CYtot =   0.00000     Cmtot =  -0.12275
  CZtot =  -0.50350     Cntot =   0.00000     Cn'tot =   0.00000

  CLtot =   0.50468
  CDtot =   0.00846
  CDvis =   0.00000     CDind =   0.00846
  CLff  =   0.50542     CDff  =   0.00849    | Trefftz
  CYff  =   0.00000         e =    3.8291    | Plane  
 
   aileron         =   0.00000
 
 ---------------------------------------------------------------
