 ---------------------------------------------------------------
 Vortex Lattice Output -- Total Forces

 Configuration: Simple Wing                                                 
     # Surfaces =   2
     # Strips   =  24
     # Vortices = 192

  Sref =  10.000       Cref =  1.0000       Bref =  5.0000    
  Xref =  0.0000       Yref =  0.0000       Zref =  0.0000    

 Standard axis orientation,  X fwd, Z down         

 Run case: alpha 5 ail 10                          

  Alpha =   5.00000     pb/2V =   0.00000     p'b/2V =   0.00000
  Beta  =   0.00000     qc/2V =   0.00000
  Mach  =     0.000     rb/2V =   0.00000     r'b/2V =   0.00000

  CXtot =   0.03091     Cltot =   0.10853     Cl'tot =   0.10836
  CYtot =   0.00000     Cmtot =  -0.12275
  CZtot =  -0.50350     Cntot =   0.00280     Cn'tot =  -0.00667

  CLtot =   0.50428
  CDtot =   0.01309
  CDvis =   0.00000     CDind =   0.01309
  CLff  =   0.50542     CDff  =   0.01313    | Trefftz
  CYff  =   0.00000         e =    2.4768    | Plane  
 
   aileron         =  10.00000
 
 ---------------------------------------------------------------
