 ---------------------------------------------------------------
 Vortex Lattice Output -- Total Forces

 Configuration: Simple Testwing                                             
     # Surfaces =   2
     # Strips   =  24
     # Vortices = 192

  Sref =  10.000       Cref =  1.0000       Bref =  5.0000    
  Xref =  0.0000       Yref =  0.0000       Zref =  0.0000    

 Standard axis orientation,  X fwd, Z down         

 Run case: alpha 0.0  aileron 10.0                 

  Alpha =   0.00000     pb/2V =   0.00000     p'b/2V =   0.00000
  Beta  =   0.00000     qc/2V =   0.00000
  Mach  =     0.000     rb/2V =   0.00000     r'b/2V =   0.00000

  CXtot =  -0.00468     Cltot =   0.11492     Cl'tot =   0.11492
  CYtot =   0.00000     Cmtot =   0.00000
  CZtot =   0.00000     Cntot =   0.00000     Cn'tot =   0.00000

  CLtot =   0.00000
  CDtot =   0.00468
  CDvis =   0.00000     CDind =   0.00468
  CLff  =   0.00000     CDff  =   0.00470    | Trefftz
  CYff  =   0.00000         e =    0.0000    | Plane  
 
   aileron         =  10.00000
 
 ---------------------------------------------------------------
