 ---------------------------------------------------------------
 Vortex Lattice Output -- Total Forces

 Configuration: Simple Testwing                                             
     # Surfaces =   2
     # Strips   =  24
     # Vortices = 192

  Sref =  10.000       Cref =  1.0000       Bref =  5.0000    
  Xref =  0.0000       Yref =  0.0000       Zref =  0.0000    

 Standard axis orientation,  X fwd, Z down         

 Run case: alpha 5.0  aileron 10.0                 

  Alpha =   5.00000     pb/2V =   0.00000     p'b/2V =   0.00000
  Beta  =   0.00000     qc/2V =   0.00000
  Mach  =     0.000     rb/2V =   0.00000     r'b/2V =   0.00000

  CXtot =   0.02682     Cltot =   0.11405     Cl'tot =   0.11398
  CYtot =   0.00050     Cmtot =  -0.17591
  CZtot =  -0.42647     Cntot =   0.00414     Cn'tot =  -0.00582

  CLtot =   0.42718
  CDtot =   0.01045
  CDvis =   0.00000     CDind =   0.01045
  CLff  =   0.42810     CDff  =   0.01048    | Trefftz
  CYff  =   0.00000         e =    2.2266    | Plane  
 
   aileron         =  10.00000
 
 ---------------------------------------------------------------
